25 2
0  0.00 0.00 1
1  0.25 0.00 1
2  0.50 0.00 1
3  0.75 0.00 1
4  1.00 0.00 1
5  0.00 0.25 1
6  0.25 0.25 0
7  0.50 0.25 0
8  0.75 0.25 0
9  1.00 0.25 1
10 0.00 0.50 1
11 0.25 0.50 0
12 0.50 0.50 0
13 0.75 0.50 0
14 1.00 0.50 1
15 0.00 0.75 1
16 0.25 0.75 0
17 0.50 0.75 0
18 0.75 0.75 0
19 1.00 0.75 1
20 0.00 1.00 1
21 0.25 1.00 1
22 0.50 1.00 1
23 0.75 1.00 1
24 1.00 1.00 1
32
0  00 01 06
1  00 05 06
2  01 02 07
3  01 06 07
4  02 03 08
5  02 07 08
6  03 04 09
7  03 08 09
8  05 06 11
9  05 10 11
10 06 07 12
11 06 11 12
12 07 08 13
13 07 12 13
14 08 09 14
15 08 13 14
16 10 11 16
17 10 15 16
18 11 12 17
19 11 16 17
20 12 13 18
21 12 17 18
22 13 14 19
23 13 18 19
24 15 16 21
25 15 20 21
26 16 17 22
27 16 21 22
28 17 18 23
29 17 22 23
30 18 19 24
31 18 23 24
