820  2
   0    0  0    1
   1    1  0    1
   2    1  1    1
   3    0  1    1
   4    0.5  0.5    0
   5    0  0.5    1
   6    0.40989064882237508  0.21724333087906886    0
   7    0.25  0.5    0
   8    0.2232361243629718  0.58969456675580811    0
   9    0.4129900468567167  0.3919524834807262    0
  10    0.1875  0.4375    0
  11    0.15253253412152559  0.44137805804421093    0
  12    0.48422959174682284  0.37549695402175448    0
  13    0.48447053527695039  0.43871675139687849    0
  14    0.234375  0.453125    0
  15    0.44212845854010607  0.46505435736671463    0
  16    0.265625  0.46875    0
  17    0.3798828125  0.50634765625    0
  18    0.31447552322247707  0.51270651161123848    0
  19    0.28398969111159428  0.49746359555579717    0
  20    0.12346573001627302  0.46318967111053783    0
  21    0.1015625  0.4921875    0
  22    0.16689287137256725  0.41127616221948293    0
  23    0.16152745511817129  0.37835875456603163    0
  24    0  0.25    1
  25    0.1832593190486804  0.50424068095131958    0
  26    0.12043357653972875  0.42697597741957377    0
  27    0.17288372288923426  0.47007635276528503    0
  28    0.20815621229076647  0.47802189324208605    0
  29    0.14244574879879784  0.49797794883697966    0
  30    0.096764161182034278  0.56675626995323092    0
  31    0.043692875159756547  0.5451821594684676    0
  32    0  0.625    1
  33    0.11784242205057209  0.52446626917361061    0
  34    0.16122161748589614  0.54886654561205317    0
  35    0.084128498009254982  0.52122521172517644    0
  36    0.21967039572864983  0.54997605214050593    0
  37    0.27544993931873502  0.55265038928011934    0
  38    0  0.75    1
  39    0.19070698470079456  0.53567297894910271    0
  40    0.21730645816563507  0.51277193221422046    0
  41    0.30730853847703549  0.43288508203699139    0
  42    0  0.5625    1
  43    0.073146212576805453  0.54879182519803427    0
  44    0.01289237550815321  0.53125    0
  45    0.054132281299081021  0.49935647082268836    0
  46    0.12854530869438299  0.55619875523595519    0
  47    0.092242493645702223  0.61379127574544168    0
  48    0.037664492913182468  0.59375    0
  49    0.0058682792760028843  0.59375    0
  50    0.027385486807681558  0.56781608926117155    0
  51    0.070748176961056591  0.58799009304928085    0
  52    0.049377076859495848  0.646189577543826    0
  53    0.030108230481644151  0.62296553505282448    0
  54    0.24842684856699124  0.53323656451117107    0
  55    0.35695797963855302  0.56964687656087065    0
  56    0.075116841780372604  0.47770655688033303    0
  57    0.5  0    1
  58    0.21684128623526044  0.28681330720637688    0
  59    0.10504432301549313  0.27443250173291439    0
  60    0.25445205081560213  0.39295091532771115    0
  61    0.47371165756342398  0.4686248322778539    0
  62    0.21980149749503161  0.3267680729302731    0
  63    0.32600173546493239  0.39720886312610176    0
  64    0.44024757361075206  0.1860441109509679    0
  65    0.41012899103995021  0.28718306148353079    0
  66    0.45531654087354068  0.27499975646642355    0
  67    0.29557942270306115  0.31524874488761423    0
  68    0.221349072762347  0.38969220329498577    0
  69    0.23246853583993726  0.65006360414533026    0
  70    0.15624418920308736  0.60316221689907334    0
  71    0.12165375750110025  0.59288385477141015    0
  72    0.0024140424854886739  0.6875    0
  73    0.16230830305456059  0.67233323610518458    0
  74    0.30090386790304435  0.53848300272412353    0
  75    0.31819418110094511  0.59949743576893533    0
  76    0.24678114763118386  0.56756149898760022    0
  77    0.32850048924590741  0.63005020663150402    0
  78    0  0.375    1
  79    0.20577080520711954  0.62009672068671762    0
  80    0.27125231697841179  0.66038839207378053    0
  81    0.36977979818627643  0.61686222291380644    0
  82    0.12952043901296351  0.6791330140455264    0
  83    0.18988698851721927  0.57887035892354433    0
  84    0.41030589367490422  0.76499055225651491    0
  85    0.16585581185294146  0.63903614629580896    0
  86    0.016070978207283933  0.65567588442216207    0
  87    0.25597429029709184  0.60224609367983284    0
  88    0.10712632961008972  0.71587709733018201    0
  89    0.44100503011136127  0.78338314296370648    0
  90    0.07642601029208794  0.328983344808991    0
  91    0.0920125051050599  0.65804323722503999    0
  92    0.1288321953806211  0.63610801999462463    0
  93    0.5  1    1
  94    0.25782001565437168  0.63283954266246267    0
  95    0.34903596539387699  0.65490953112626293    0
  96    0.21335866780739682  0.73011600506062435    0
  97    0.46998613060046079  0.62627260293086218    0
  98    0.40350462418615696  0.72673377601522504    0
  99    0.31094485409772987  0.66901672073702012    0
 100    0.34756661707908149  0.59754582106624621    0
 101    0.40441910840644058  0.6233300503365784    0
 102    0.35321586409291961  0.72467465039892354    0
 103    0.76172425647947462  0.24753070308467809    0
 104    0.38144153362218536  0.69474849455951992    0
 105    0.059554722415140531  0.71031053051829196    0
 106    0.037114625827161844  0.68354892471255502    0
 107    0.068751415173311403  0.67980991632502596    0
 108    0.47475632311224414  0.53395011794685476    0
 109    0.28501230453731585  0.35324500803314474    0
 110    0.39272482516857288  0.54679950713064329    0
 111    0.37563355435545359  0.6447323014966605    0
 112    0.43169039563610451  0.71664401047208481    0
 113    0.34053204485513583  0.69042681056849953    0
 114    0.46117613053496087  0.70216361404593419    0
 115    0.43751661704451733  0.63973498037327048    0
 116    0.32270590382626502  0.56526181347643012    0
 117    0.40949814796239525  0.51921021358681785    0
 118    0.44974111847456139  0.67459367186252717    0
 119    0.53548412574887838  0.69206168438860705    0
 120    0.67958807092976703  0.37653464948754778    0
 121    0.194405205321075  0.66279018243552323    0
 122    0.11612520460463023  0.30827625902472655    0
 123    0.07019712809656127  0.24778290440333589    0
 124    0.134754605830647  0.34899179464323415    0
 125    0.12250266199569415  0.38704889506324192    0
 126    0.059013580704726551  0.40377594186782861    0
 127    0.098912823244911269  0.35845376097533965    0
 128    0.089415543611342144  0.39031653823047346    0
 129    0.059824217697629384  0.36454147755845401    0
 130    0.032329579019976976  0.38359900779193468    0
 131    0.01048484788401817  0.4402219389788451    0
 132    0.039676931498407134  0.46435058394754614    0
 133    0.0087860353377087544  0.40704131107347091    0
 134    0.042064180923973855  0.43173899665170734    0
 135    0.081691495125697497  0.4366401742524656    0
 136    0.48375129728246646  0.25    0
 137    0.3978890896562165  0.17042441655652768    0
 138    0.074274439814840304  0.29236013772424768    0
 139    0.015452734510249068  0.31419064860905377    0
 140    0.034831070701243173  0.27522368037097372    0
 141    0.048200552174138822  0.31226675271657023    0
 142    0.027943869909587117  0.34790939920624869    0
 143    0.40224576091878278  0.58815916515014299    0
 144    0.44027256856815955  0.50944043814555795    0
 145    0.41728243821849925  0.69040183365695196    0
 146    0.47392567757054183  0.65632469651289194    0
 147    0.29627462142384986  0.63113889303025283    0
 148    0.71231577201007201  0.26597140325025198    0
 149    0.40063699143422815  0.65836446477878119    0
 150    0.69398167733855987  0.90854125123581486    0
 151    0.47159175279459936  0.80196207636595429    0
 152    0.44340989915335216  0.60326806339990935    0
 153    0  0.875    1
 154    0.49100586428649073  0.70113979905740753    0
 155    0.45751618368634167  0.73178566667371769    0
 156    0.50178972159746116  0.61130475349759428    0
 157    0.51276792700713258  0.86050584461017565    0
 158    0.034220086463158293  0.73682164989009247    0
 159    0.0077097444557049219  0.71900116560171934    0
 160    0.068554196768121273  0.74427137571867641    0
 161    0.4397750314532145  0.55774429717801699    0
 162    0.47793821286604726  0.57623917820139914    0
 163    0.28640849860906059  0.58557546765423907    0
 164    0.50420342818038488  0.65770534020360127    0
 165    0.15470267350917977  0.72140303420796992    0
 166    0.47194124586719788  0.76539217507493518    0
 167    0.4898636659951634  0.73351323715976358    0
 168    0.51173224478168322  0.7574111319072423    0
 169    0.18063842830737029  0.80563350996943517    0
 170    0.47316434959245096  0.84203420054586375    0
 171    0.15101219775673946  0.76529532944917766    0
 172    0.78235899409571752  0.83567031071318276    0
 173    0.27479208344185241  0.73971667153733056    0
 174    0.30384358685758539  0.70997887723005748    0
 175    0.2300233276304024  0.70603455549399163    0
 176    0.31768578751530169  0.7525610491656276    0
 177    0.22050948132607276  0.67758003550204604    0
 178    0.19027905466914202  0.70350541125515598    0
 179    0.26718871847485648  0.70322935500718742    0
 180    0.24959520388695691  0.67994735151833241    0
 181    0.22750807249101551  0.82318682300209389    0
 182    0.44009768329014542  0.81934403138319178    0
 183    0.25  1    1
 184    0.10667603086109698  0.76696996284178942    0
 185    0.28065900894273099  0.79816790976547269    0
 186    0.18477365030686912  0.77154788204165325    0
 187    0.36213797191704628  0.77261995786956339    0
 188    0.22941939258682462  0.75460437413261949    0
 189    0.15504246273741951  0.82725849873543089    0
 190    0.12828454111357526  0.74128308638078044    0
 191    0.48508845722798227  0.91375751938170224    0
 192    0.13060658677963677  0.80433075225298301    0
 193    0.26116514375303246  0.96366530620123603    0
 194    0.18494629191693107  0.73721276463846375    0
 195    0.5145472204181295  0.89978397969759472    0
 196    0.47968447499508138  0.88160358469210331    0
 197    0.24664890826484667  0.73052994819207751    0
 198    0.45059650336576174  0.926285726205619    0
 199    0.21677160773867055  0.78856975145250729    0
 200    0  0.8125    1
 201    0.25045700204098625  0.78177574362537416    0
 202    0.37757241149125043  0.74494496604396443    0
 203    0.39274046563552645  0.80995972969924479    0
 204    0.28977261481800776  0.76773309036286064    0
 205    0.32476992739038496  0.79614630991379931    0
 206    0.357889647860756  0.80731205259356287    0
 207    0.4297211616338365  0.95646636495021353    0
 208    0.37111957279599861  0.86386016542792987    0
 209    0.33448895644148574  0.91356395917450439    0
 210    0.30554974543369295  0.85902231239371885    0
 211    0.33098254991917597  0.832421060003257    0
 212    0.29818092351508668  0.82651869636760988    0
 213    0.26156907326819739  0.85190597941752044    0
 214    0.43407503897065086  0.86356022304165048    0
 215    0.090829727662104939  0.80346439757651344    0
 216    0.27829973908845218  0.88797018999981892    0
 217    0.15417025496744213  0.86075525747703951    0
 218    0.10087077862316837  0.85602299167659546    0
 219    0.11021499127336509  0.82699938477423385    0
 220    0.38836500038234079  0.78233541941100748    0
 221    0.25878041134397856  0.82065554048999467    0
 222    0.27194956743508841  0.92721579846352131    0
 223    0.45015058379379369  0.88959169394979132    0
 224    0.375  1    1
 225    0.40086972194640058  0.84450716412808557    0
 226    0.18911669126365063  0.84162918753666338    0
 227    0.031682124961446213  0.78125    0
 228    0.06740657188140356  0.8568444921123296    0
 229    0.39760683247722772  0.91194368169174223    0
 230    0.086006599456452809  0.93252451315537599    0
 231    0.3125  0.99932258353931092    0
 232    0.125  1    1
 233    0.085027476062197738  0.8926394610412276    0
 234    0.20719113270131378  0.87389192630751444    0
 235    0  0.9375    1
 236    0.30135218670163061  0.91183676432231575    0
 237    0.12487846892341084  0.88814649112948674    0
 238    0.23863575046959418  0.90168887386652075    0
 239    0.2376870713216922  0.87107809240934975    0
 240    0.31574413141456026  0.95445604220543945    0
 241    0.041767837294147798  0.91365597004140586    0
 242    0.2432864854880061  0.93012094770210507    0
 243    0.48189835235443251  0.95871945859064989    0
 244    0.28114188847561777  0.98968667398871879    0
 245    0.40347368971534087  0.87843035168373906    0
 246    0.066308484642927601  0.77890435984614448    0
 247    0.051570335518993607  0.81808980502434914    0
 248    0.029355556557967177  0.84978028324403032    0
 249    0.043389918105536107  0.8801969519389089    0
 250    0.0098501404165340228  0.90625    0
 251    0.36465798430901131  0.95213569462181469    0
 252    0.50492574554352021  0.93775913991646165    0
 253    0.45417347389545615  0.99548599077095401    0
 254    0.34394510381063675  0.98166056566921234    0
 255    0.36622934876067587  0.91982236901116643    0
 256    0.39776380512506798  0.94567387380206436    0
 257    0.41433237158659619  0.99328155362547854    0
 258    0.45489900030963593  0.31285935043272123    0
 259    0.52401892342169631  0.80884025934549264    0
 260    0.50233792898481633  0.8311767143366785    0
 261    0.14393562394174542  0.94405260560728355    0
 262    0.19176912499034726  0.92395141930633784    0
 263    0.1875  1    1
 264    0.16223661975272419  0.89873903177399483    0
 265    0.21016386314835706  0.90221304918581502    0
 266    0.21599766153528266  0.93981332946254359    0
 267    0.17936557743343723  0.96139924155405798    0
 268    0.15625  0.98642790951697812    0
 269    0.33717255373178412  0.87719183092040254    0
 270    0.26773859655170257  0.42546030689659486    0
 271    0.46940864079807243  0.50011658990353569    0
 272    0.2871213972748714  0.38669470545025719    0
 273    0.23501038175058386  0.41994068865156164    0
 274    0.2409026761025759  0.3608251781526261    0
 275    0.37087594390653278  0.37326554397349254    0
 276    0.50017291128891683  0.78735495368992281    0
 277    1  0.875    1
 278    0.0625  1    1
 279    0.040340215599486577  0.95965978440051347    0
 280    0.057877726274195268  0.93717996173052986    0
 281    0.03125  0.99090978440051347    0
 282    0.11829374664504508  0.92159221504315236    0
 283    0.13058527066982778  0.24961626033059675    0
 284    0.013994451365222219  0.15625    0
 285    0.40901164486832925  0.25805562705106178    0
 286    0.42502540622512242  0.31307855313715421    0
 287    0.3866644918864825  0.41181722339965737    0
 288    0.14334754674189593  0.17943302053197277    0
 289    0.36886003351577018  0.2811528935969822    0
 290    0.44814052304179219  0.38169303377490549    0
 291    0.38530514643383479  0.31283894729152983    0
 292    0.34199740850923216  0.45332009820407665    0
 293    0.40981766602843028  0.33879244649195023    0
 294    0.20499663386636138  0.35861328421654809    0
 295    0.30849900093077609  0.22507838053344789    0
 296    0.38471074529483679  0.46850350802462121    0
 297    0.31563786020959672  0.47227454749839554    0
 298    0.35018609383105598  0.48473732862484842    0
 299    0.40715864134267377  0.43765581033092926    0
 300    0  0.125    1
 301    0.17711600072460587  0.33725978884586316    0
 302    0.25959771660704511  0.3313948535758755    0
 303    0.44600807473844284  0.42408672083354443    0
 304    0.31823185475741778  0.34879618654356875    0
 305    0.35603574131790006  0.42404515761379025    0
 306    0.39925965222218274  0.36609718307958738    0
 307    0.26128301283846517  0.2869847619657373    0
 308    0  0.1875    1
 309    0.38439428647012619  0.24244660515411259    0
 310    0.46096723718668264  0.34820379826084524    0
 311    0.74115579928889541  0.79088866721842466    0
 312    0.77557746560255303  0.76793815393291265    0
 313    0.78512135413354966  0.8707494557035782    0
 314    0.56477853706554859  0.77192034295872769    0
 315    0.10991115457641308  0.96371500189794124    0
 316    0.09375  0.99171528819130605    0
 317    0.32716399984089622  0.1846589893932328    0
 318    0.24767891137858614  0.18338501175441993    0
 319    0.35357803362530299  0.33419300227416487    0
 320    0.58546093296835755  0.56300022082402923    0
 321    0.18121975718441696  0.16059045716444689    0
 322    0.034512196937066461  0.19065323664719955    0
 323    0.46935431813164469  0.16780867373858707    0
 324    0.29167770230017248  0.082746884804020843    0
 325    0.073332122596015306  0.20886137303524818    0
 326    0.43427822902390639  0.24352099172044012    0
 327    0.37888712190807566  0.21137733144180748    0
 328    0.35670472107845236  0.18893697217646668    0
 329    0.27785622047125819  0.25066614067780946    0
 330    0.31584153988344776  0.26501358920841056    0
 331    0.19122399833680881  0.27494249990464964    0
 332    0.42056374140957176  0.12227820641054928    0
 333    0.22245157498261561  0.15114145091415923    0
 334    0.43889641461797974  0.15154015550710601    0
 335    0.13407572388636121  0.21399899188884564    0
 336    0.10689748922557005  0.19071559360527157    0
 337    0.16601175426817366  0.28765093231350591    0
 338    0.048140584751900826  0.15878943768435497    0
 339    0.33270773329302222  0.30194955122451539    0
 340    0.0035896339190119903  0.21875    0
 341    0.53427805038830734  0.77920706347750801    0
 342    0.54686483109575368  0.73318925823979553    0
 343    0.51828245315521615  0.71896008748438311    0
 344    0.58649781624503927  0.20400574682021183    0
 345    0.62020799851649022  0.76594456199084981    0
 346    0.58476285998101107  0.68930890291468083    0
 347    0.63303323048904325  0.8335756149109087    0
 348    0.75410014654178081  0.33267857206085627    0
 349    0.62479940528692024  0.89591520454894957    0
 350    0.55648722720363197  0.80372601029357238    0
 351    0.81696683732201225  0.77803863429030451    0
 352    0.55288777325247729  0.87836779021573852    0
 353    0.53334489413430386  0.83792897025202673    0
 354    0.47446606193793955  0.40714452265338291    0
 355    0.33570441546248059  0.10156349921719231    0
 356    0.034353733751526623  0.22530882101963412    0
 357    0.23891638791247805  0.12708694130548723    0
 358    0.036044233190916097  0.12483517147705524    0
 359    0.10075680454344947  0.2366570672095393    0
 360    0.34659267114260917  0.23312438534222363    0
 361    0.35413563504617196  0.12815445924158539    0
 362    0.24690706077324101  0.091819338950749979    0
 363    0.2111437722984528  0.19048861492570004    0
 364    0.097937874832086436  0.15676033727819491    0
 365    0.17790119027132914  0.20722803862514874    0
 366    0.14456370626152623  0.134395909963761    0
 367    0.26753032386297759  0.12152347415363227    0
 368    0.25504339179768348  0.15163234372145104    0
 369    0.095607594067565402  0.098981565388270881    0
 370    0.16394857692283082  0.25405671888938147    0
 371    0.27222703078200222  0.21278276401288282    0
 372    0.29203145541966502  0.28461379537041348    0
 373    0.071861666294114349  0.12887564182851582    0
 374    0.14309668609844767  0.065987583700215013    0
 375    0.25  0    1
 376    0.19176765267301554  0.30793302899227393    0
 377    0.29881423294990794  0.19399954960958338    0
 378    0.070634474889012269  0.17884559194881022    0
 379    0.23916401154120925  0.26049601512304194    0
 380    0.19691858867637993  0.24728869101452816    0
 381    0.23278930568861897  0.22076646904178479    0
 382    0.34034951186044116  0.37007630707296063    0
 383    0.14913561796828406  0.31747561177669548    0
 384    0.125  0    1
 385    0.21463789152394563  0.11095423817051703    0
 386    0.34547546815708907  0.26281849268937807    0
 387    0.30343357637541207  0.16177610893738545    0
 388    0.46367705327504261  0.21115970828791755    0
 389    0.41453437338977056  0.48533643715948505    0
 390    0.48091955736744846  0.10951035712428425    0
 391    0.17992796414926138  0.12365306910944644    0
 392    0.23712030907477691  0.057007356533596398    0
 393    0.33530707080741812  0.069211820318158146    0
 394    0.38785723334774491  0.13095387717219886    0
 395    0.12646176322128455  0.15644206974790739    0
 396    0.31793183970468447  0.12859911574973171    0
 397    0.33526780333171063  0.15593123770760814    0
 398    0.375  0    1
 399    0.25171384424073073  0.030345844079509268    0
 400    0.36756588116736294  0.1580323549627726    0
 401    0.3125  0.011691501858192944    0
 402    0.15342461416241215  0.099985994032555425    0
 403    0.38475866793118707  0.084782733313160899    0
 404    0.45220813864038512  0.12282662827354184    0
 405    0.05464435566859837  0.046489843975117746    0
 406    0.057711300862258473  0.093538867215471611    0
 407    0  0.0625    1
 408    0.94535613337012803  0.34029098585119627    0
 409    0.09375  0.020150418732372059    0
 410    0.017879588743809079  0.09375    0
 411    0.0625  0    1
 412    0.30481830711826841  0.04801904187701353    0
 413    0.27275660293868464  0.055737318558317969    0
 414    0.28316430854804203  0.024464222285355337    0
 415    0.2946354884784142  0.11149574292612459    0
 416    0.37059272537796761  0.043460274509301025    0
 417    0.33744030536822495  0.035084269541146344    0
 418    0.4375  0.028291685746779809    0
 419    0.44753584278357805  0.075141915566443729    0
 420    0.4014992453284516  0.02464087557060449    0
 421    0.11406296511601968  0.07487172808183476    0
 422    0.03125  0.018628143502769045    0
 423    0.12798725720952356  0.034656007098889906    0
 424    0.1875  0.012069413826247016    0
 425    0.15453592620051115  0.014910830808642084    0
 426    0.41757899106441448  0.089285218532822619    0
 427    0.4051441638325205  0.058056255605696036    0
 428    0.48193500225876862  0.043273221444913725    0
 429    0.4677541493539587  0.01194587974872292    0
 430    0.48064442174959099  0.07637978772062623    0
 431    0.19086206872118586  0.069387413982286802    0
 432    0.1686027195804759  0.044880607474335761    0
 433    0.20768732041912971  0.039642901406738359    0
 434    0.34927284412043202  0.53106267185628653    0
 435    0.62973676728182215  0.24319133040937407    0
 436    0.66087834984837335  0.79326361406978296    0
 437    0.65217373798686651  0.74504911608120294    0
 438    0.84491061220097485  0.19554134324079023    0
 439    0.68009120767191167  0.67418482881334019    0
 440    0.21875  0.97795651301431152    0
 441    0.821480358687808  0.26280334465079641    0
 442    0.73540804085323308  0.12622496702099592    0
 443    1  0.5    1
 444    0.50203325353402128  0.33676263367569004    0
 445    0.49609201518429191  0.29270709223073216    0
 446    0.60780562318064246  0.14576728016176108    0
 447    0.61905236704654676  0.273399286131841    0
 448    0.625  0    1
 449    0.93138192169730027  0.408025120225329    0
 450    0.55726050628640822  0.1767076241665205    0
 451    0.51592777905892673  0.20876214512679722    0
 452    0.49035390931277834  0.22197976216489368    0
 453    0.77624283246596348  0.30595699833253337    0
 454    0.5546320340823222  0.14199128279777512    0
 455    0.74292813380313882  0.57725388432114777    0
 456    0.5198175481802223  0.1422824795206328    0
 457    0.7936269110627765  0.061821278833060815    0
 458    0.51019434718954981  0.11423395544354377    0
 459    0.7016205743014069  0.084021426640548541    0
 460    0.58819552252008522  0.17048782089586242    0
 461    0.52350076315396088  0.17585161614287267    0
 462    0.48754208301939495  0.14112045223257647    0
 463    0.53502231015042556  0.26454027922047185    0
 464    0.55572959436345926  0.21740910785811435    0
 465    0.75  0    1
 466    0.53112958847061664  0.23471549192391952    0
 467    0.63998723745978758  0.062475067706301145    0
 468    0.58588127327811812  0.73865179100467016    0
 469    1  0.375    1
 470    0.56096670576255125  0.63148950553020078    0
 471    0.77933015894155488  0.035612306167274975    0
 472    0.58239906269418829  0.97308342704836182    0
 473    0.51325880294972004  0.5362186607190994    0
 474    0.75  1    1
 475    0.62934740149776991  0.66233567682708228    0
 476    0.51462446003512541  0.36600875300267544    0
 477    0.5861187132846396  0.24515232616491131    0
 478    0.69034277839669334  0.74629511521601843    0
 479    0.52881364523134933  0.63643143228217303    0
 480    0.8071659047783839  0.22769382606343724    0
 481    0.63007804721310123  0.69281577512767045    0
 482    0.64840773685366038  0.28624215422295196    0
 483    0.54699572609625513  0.55491109920500914    0
 484    0.64599578638131194  0.16591751440384536    0
 485    0.56540602754446401  0.26759016819240189    0
 486    0.50677380851998322  0.26648391799168109    0
 487    0.74948328374775131  0.036298899625645413    0
 488    0.58965612317052107  0.28614831916573397    0
 489    0.65951632098904778  0.20692624090474585    0
 490    0.80996574246157171  0.2977651497082423    0
 491    0.59339505951247273  0.77729718835278816    0
 492    0.72200051009544808  0.19631343813253874    0
 493    0.81714101060398836  0.65000413951106073    0
 494    0.66493202991091238  0.63297808890566232    0
 495    0.59332297515435528  0.65097843004731282    0
 496    0.92540395796064179  0.56193387590173771    0
 497    1  0.4375    1
 498    0.91542372676616446  0.28008281080056319    0
 499    0.70971909988179371  0.11216449675845869    0
 500    0.74430890233628677  0.2923715226718096    0
 501    0.85439109424537651  0.39835331653070416    0
 502    0.5268511174588365  0.31098736613311423    0
 503    0.64008808016296992  0.59677623473864072    0
 504    0.73201380720683218  0.68321046490810977    0
 505    0.55684461480316128  0.33049841181852002    0
 506    0.55638285549356592  0.29839887052210412    0
 507    0.68619143258358206  0.5334813618997426    0
 508    0.84169404527153291  0.2888377539694692    0
 509    0.62221143700709081  0.62215832085701883    0
 510    0.76368151234148562  0.062678279048725111    0
 511    0.65746996478109798  0.70620431827182628    0
 512    0.81264129783796679  0.42678013891457228    0
 513    0.71750789152398897  0.22858586918987639    0
 514    0.97768604031838291  0.34375    0
 515    0.87168032469344969  0.6185159068147793    0
 516    0.8177461079436531  0.54751389541303264    0
 517    0.6875  0    1
 518    0.53540619046341287  0.061936106398409019    0
 519    0.65929611473286365  0.12375245856162609    0
 520    0.62976459723651523  0.125904154081942    0
 521    0.9194455051126631  0.80517144043089028    0
 522    0.79686416956732686  0.35530493250873291    0
 523    0.78407981312914243  0.69788407797467533    0
 524    0.70287422596714588  0.34334726631682444    0
 525    0.73913590868698453  0.52351274676033976    0
 526    1  0.75    1
 527    0.88464859625677783  0.50184446822413042    0
 528    0.70876372586584613  0.64024499650932809    0
 529    0.75246180663420903  0.64827638826714917    0
 530    0.9117244172634994  0.38195137084882103    0
 531    0.69312373052210219  0.40774539006042415    0
 532    0.84489965173291326  0.36107609405267693    0
 533    0.69578250212926929  0.13792085044686184    0
 534    0.78043096653821065  0.48903570781787897    0
 535    0.77698213544051931  0.22051640164348482    0
 536    0.69227031922954685  0.20769380144620322    0
 537    0.82817128144687191  0.47240214732444991    0
 538    0.61649155296553981  0.30775955347509937    0
 539    0.72671494380172585  0.55139359524703224    0
 540    0.70179872367255836  0.60550549504459283    0
 541    0.84605924514405828  0.51715221768206998    0
 542    0.773219591547333  0.80169019347832926    0
 543    0.78597711449612206  0.2725210527951003    0
 544    0.88068509174072951  0.3718114419434797    0
 545    0.70107851227410645  0.56795848158978812    0
 546    0.56473373349664568  0.52965107989671101    0
 547    0.64540757417148853  0.55207902820395582    0
 548    0.78641875184102905  0.60059084067105151    0
 549    0.75508676494275273  0.7010503242020335    0
 550    0.89210393112443709  0.40941879466905884    0
 551    0.6875  0.98991983941358253    0
 552    0.77246972042489026  0.52321869964722068    0
 553    0.61894259735649193  0.34212782550107196    0
 554    0.85118030238373887  0.5503099967594578    0
 555    0.55550999518104804  0.41470502009778359    0
 556    0.78969284144110807  0.45436728168510698    0
 557    0.91568710434640044  0.84978096853460849    0
 558    0.72552492952268743  0.32378959209529801    0
 559    0.81018186641445411  0.74526410232481777    0
 560    0.95184373956025714  0.37215159833881556    0
 561    0.73640822141849793  0.72344974317045974    0
 562    0.7434251870227907  0.40457971341489463    0
 563    0.83484235927962425  0.32533209549547343    0
 564    0.58788651641315848  0.47393510849045761    0
 565    0.58264880386800799  0.50378797721633406    0
 566    0.61572793181112329  0.55300371438190576    0
 567    0.59053521660043651  0.9406137859172693    0
 568    0.80609387443759384  0.80969277231185199    0
 569    0.78575847235602669  0.72783922285784564    0
 570    0.77877184981537684  0.38929857497967596    0
 571    0.86399887089194982  0.80749570971151163    0
 572    0.55875603300617027  0.66620580205671476    0
 573    0.81726682009275398  0.38828023034599141    0
 574    0.86525794701856151  0.33606096849862338    0
 575    0.74886612362446603  0.36864450268323151    0
 576    0.67024308934759846  0.58939381729458018    0
 577    0.76424587137653299  0.11919336055589036    0
 578    0.93686479401129708  0.60148057633230267    0
 579    0.94833041550309771  0.2548022846731669    0
 580    0.61940568800429319  0.1974174586401907    0
 581    0.67229501654055757  0.087257852013413406    0
 582    0.67764664893115523  0.25104866332203429    0
 583    0.92621642543508775  0.23602790852054215    0
 584    0.72444655229127974  0.16457365559311152    0
 585    0.87526775908221932  0.21464911349160937    0
 586    0.78294920269608514  0.55486376118943581    0
 587    0.70010946736636248  0.70812278095223413    0
 588    0.70782009824822778  0.66852906608191243    0
 589    0.91051768589251558  0.34932007166365014    0
 590    0.58964792922424403  0.32694549867579081    0
 591    0.75360640568975434  0.20011663175839176    0
 592    0.85851466303714108  0.4484407109318258    0
 593    0.85644865700373041  0.48704903722811022    0
 594    0.71529209268935623  0.38194058185481206    0
 595    0.94231126418610756  0.5001071029437486    0
 596    0.76424891723944155  0.43162027380430712    0
 597    0.55685397103963274  0.4704224318014486    0
 598    0.68803090079525953  0.44138149407204175    0
 599    0.54588007389675408  0.36031615646664772    0
 600    0.58966196851843822  0.4291648543789448    0
 601    0.53693545049767999  0.38994681699477385    0
 602    0.52651421549078969  0.48913221752421837    0
 603    0.52724594655839274  0.46048650425542992    0
 604    0.9597427923287335  0.65316319315758642    0
 605    0.77390032078460036  0.18084302170382346    0
 606    0.80702847979601189  0.57697165184559207    0
 607    0.83328064836893778  0.59410205208521849    0
 608    0.80178174552579107  0.18328047710109543    0
 609    1  0.125    1
 610    0.83470650765498944  0.16041448776032818    0
 611    0.64060977773260097  0.095113716775981044    0
 612    0.57503118083626759  0.59468444883256677    0
 613    0.90545209552785777  0.58915008234858268    0
 614    0.62163883378770468  0.72211338445565931    0
 615    0.85152346396340073  0.24153538694179186    0
 616    0.59164268694836231  0.62040561379247772    0
 617    0.68539955673294417  0.17565934854563539    0
 618    0.67983481202293039  0.28260925508069085    0
 619    0.53698986898126677  0.60494506528411685    0
 620    0.91260778860030645  0.43309640807760774    0
 621    0.56104199445750791  0.70712778874267501    0
 622    0.97025833381624427  0.76036312075619106    0
 623    0.51573958603819114  0.57617144047156477    0
 624    0.58326375566602062  0.092220173094974739    0
 625    0.78798609940089581  0.095120806498372623    0
 626    0.54712878924430874  0.10455389694783111    0
 627    0.51159230789663179  0.082681876497950751    0
 628    0.70416877000935241  0.30282601789247249    0
 629    0.5625  0    1
 630    0.89943384920046887  0.46151268631394382    0
 631    0.87571771721664748  0.57319184139477308    0
 632    0.605398606893365  0.39455738605211194    0
 633    0.58368276712019374  0.84705773566047626    0
 634    0.51585327315831564  0.03202551638929587    0
 635    0.53125  0.0044672253518156799    0
 636    0.62457192361382541  0.41664530464604688    0
 637    0.82036709908706351  0.10747518259742191    0
 638    0.88753531722519918  0.16318950912665464    0
 639    0.84913586578833733  0.12680179150742024    0
 640    0.68236893967815426  0.044059581504301538    0
 641    0.71875  0.017708282581714994    0
 642    0.64980168234104341  0.027085476579217518    0
 643    0.71749573106185849  0.052753223916751815    0
 644    0.58256385974380809  0.12493855541533776    0
 645    0.57993655363446506  0.044521696938919435    0
 646    0.61453820279418281  0.034477643859008443    0
 647    0.59375  0.009343660548781222    0
 648    0.60642039407156034  0.067421565927324387    0
 649    0.56407111326984916  0.069593671397481599    0
 650    0.54938522373817467  0.03204040288977128    0
 651    0.57636351247677542  0.39450178730206309    0
 652    0.87398206985697247  0.2822145325291649    0
 653    0.76292495134283911  0.15509702589808255    0
 654    1  0.25    1
 655    0.80463230168796096  0.51445526224062921    0
 656    0.9267811003830092  0.31360473823764279    0
 657    0.89590302520999499  0.30447969395767943    0
 658    0.91313145707742338  0.48941005935884707    0
 659    0.82879299915832727  0.061005541480114028    0
 660    0.79900522375118532  0.013157925878600651    0
 661    0.75444335814771102  0.091175960727043787    0
 662    0.73611574713922101  0.61431946792629444    0
 663    0.644779929919859  0.49668520153181495    0
 664    0.5524389972437842  0.50133951083979589    0
 665    0.59556031162623002  0.53120914369917005    0
 666    0.51491588015321432  0.41169815840006302    0
 667    1  0.3125    1
 668    0.84171643805874052  0.4246102276988577    0
 669    0.85303559560459241  0.0099366512998898815    0
 670    0.75528399530453416  0.46455125953219473    0
 671    0.61250800855016618  0.58252266269244735    0
 672    0.72038268524662785  0.98483678456033974    0
 673    0.89792858069136861  0.24245469592977903    0
 674    0.82687505995362243  0.025882319979515751    0
 675    0.6573465685197597  0.52424328333577719    0
 676    0.78508913889506804  0.63836894175967152    0
 677    0.8052853579654462  0.1386793623529109    0
 678    0.5834083213433221  0.90941594646687085    0
 679    0.61947588343928162  0.47745099284925363    0
 680    0.88946347514149848  0.70245900147471552    0
 681    0.57722746575805606  0.36547949614976016    0
 682    0.62278889760918643  0.44583970548151819    0
 683    0.66096698733370396  0.33870590167105696    0
 684    0.65372707593817958  0.4189839612730642    0
 685    0.81277353077100767  0.61846229078020165    0
 686    0.97134482280218382  0.60542221382942296    0
 687    0.85206326989819758  0.67793981212502918    0
 688    0.98611491664768414  0.56577358422933222    0
 689    1  0.6875    1
 690    0.89289582074802343  0.65787666002133161    0
 691    0.92026356010415933  0.68240696926938738    0
 692    1  0.625    1
 693    0.90679947321819099  0.76222713404133191    0
 694    0.95400677057216865  0.53653052971003656    0
 695    0.9093593586412787  0.62537423334037456    0
 696    0.85026227143451016  0.64439531592065014    0
 697    0.8493133098021004  0.72291813728823162    0
 698    0.81736853543787424  0.68551562805716182    0
 699    0.875  1    1
 700    0.6151227716481692  0.96603832464575323    0
 701    0.88181521434007193  0.73707566750732734    0
 702    0.84245912529612244  0.75635110262766114    0
 703    0.81945863619543569  0.71607348044136943    0
 704    0.93909847887572628  0.76494836003884892    0
 705    0.72643548979501193  0.43909752285941778    0
 706    0.71210253374363908  0.48441695343322055    0
 707    0.67969109896075575  0.49740978370383432    0
 708    0.74203417162819152  0.49261448548146519    0
 709    0.71006913799358629  0.51471718927086563    0
 710    0.64006463172943728  0.37554839707010973    0
 711    0.65662441652771808  0.46138399272334712    0
 712    0.91468764391787838  0.070491584641485944    0
 713    0.91287567046091944  0.1964224927432569    0
 714    0.94444058794974606  0.14607647116987074    0
 715    0.97777958676870835  0.15933182016684466    0
 716    0.91920212744983676  0.16532095164059118    0
 717    1  0.1875    1
 718    0.96430185245803246  0.21357880698071546    0
 719    0.95577199494695364  0.44585410057449554    0
 720    0.97222569940825976  0.40754956499278983    0
 721    0.98299972902156108  0.46875    0
 722    0.89127162584750852  0.53890614951714599    0
 723    0.91822378082433098  0.5213908452526107    0
 724    0.95506897576475025  0.5747708566850297    0
 725    0.91649861934358734  0.72760765343305811    0
 726    0.971175821513522  0.51092815587454987    0
 727    0.87168147900863024  0.76620071077612917    0
 728    0.68944930502081281  0.82549430673736235    0
 729    0.74332228418550395  0.75684957815599618    0
 730    0.89104589652995803  0.79020029558997495    0
 731    0.66024802802590543  0.82260109747217447    0
 732    0.73251882808184654  0.8258592897405147    0
 733    0.71486985208173082  0.76142427142397051    0
 734    0.73736628995501896  0.88741709377603539    0
 735    0.66018887098487244  0.89785391644445978    0
 736    0.96721688180440157  0.79171133520060577    0
 737    0.85960847561575371  0.84619792562262897    0
 738    0.80475058042733283  0.90101159593786362    0
 739    0.70085520883309416  0.78660478940373646    0
 740    0.95721917159790548  0.86447792899590925    0
 741    0.83557224025945864  0.8224538193418971    0
 742    0.88627393988821379  0.86949173750100128    0
 743    0.74013795294733942  0.92261437676613534    0
 744    0.71717929456352791  0.85845131978858435    0
 745    0.67852658448389669  0.8628291659068833    0
 746    0.89252000998755143  0.82536602718763352    0
 747    0.64418855003338982  0.86622856876811205    0
 748    0.62705996930741137  0.79967677129042514    0
 749    1  0.9375    1
 750    0.8125  1    1
 751    0.83629917100775886  0.91849845068194957    0
 752    0.93317465147555767  0.89915312057412877    0
 753    0.81969665643854961  0.85037843592254159    0
 754    0.87338197709257137  0.050883627463329695    0
 755    0.87811411180082655  0.094225779883314195    0
 756    0.90795584721349132  0.12439993227554387    0
 757    0.87888330646873536  0.13386479367221665    0
 758    0.94607342083880797  0.10178536861803206    0
 759    0.84633463366697304  0.088184914892086019    0
 760    0.97983092394427995  0.091469024022145018    0
 761    0.96813703653815164  0.12477441366210916    0
 762    1  0.0625    1
 763    0.91945985478926151  0.0024592183408914531    0
 764    0.93370238441693865  0.036084483804827573    0
 765    0.9003298973750109  0.030390984414640731    0
 766    0.95985055015602494  0.0051800411255392507    0
 767    0.99545443534865152  0.21875    0
 768    0.9730761894681027  0.24068398559874943    0
 769    0.75277067588153812  0.85564862293063537    0
 770    0.54572028015774643  0.92788849831197173    0
 771    0.59397551072074894  0.81293436294345978    0
 772    0.625  1    1
 773    0.69813544729523569  0.9498195143426138    0
 774    0.5625  1    1
 775    0.74403909565202142  0.96143843670410312    0
 776    0.55974518538662532  0.95398746383567412    0
 777    0.881118439056361  0.95806992105143307    0
 778    0.65506818166515379  0.98763229379303197    0
 779    0.656083387847888  0.95513575456379851    0
 780    0.53398594104439701  0.96862697540552567    0
 781    0.65039442925951163  0.92593997517685755    0
 782    0.78125  0.97542782366373204    0
 783    0.96131646107205759  0.93059427849705767    0
 784    0.8507489333844771  0.88324931676849872    0
 785    0.62111488119868208  0.93118076225369661    0
 786    0.98500164831817416  0.84375    0
 787    0.9507962771523385  0.82688611545050639    0
 788    1  0.8125    1
 789    0.61196529123573395  0.86286190222520598    0
 790    0.99216222703634405  0.90625    0
 791    0.91936518024017477  0.93982838586554962    0
 792    0.88377295260741262  0.915779019252976    0
 793    0.76868490079112073  0.90040298372124172    0
 794    0.96364242317042859  0.8946060374096706    0
 795    0.77103671129222329  0.9328761436149392    0
 796    0.9375  1    1
 797    0.80824158549578884  0.94644774051456548    0
 798    0.91252724141955655  0.97470782587831606    0
 799    0.97446313312905541  0.96875    0
 800    0.95369488117041912  0.066335164657054607    0
 801    0.98362295643401843  0.03125    0
 802    0.95043442027641456  0.18133565174735153    0
 803    0.3164835885431414  0.085621290655222532    0
 804    0.087785957602464104  0.053495134551962337    0
 805    0.9768464839480645  0.28125    0
 806    0.9646614028109185  0.31266931983905616    0
 807    0.99683358563442137  0.78125    0
 808    0.37819509502201076  0.66978016387945438    0
 809    0.94260692677253277  0.96249480516707953    0
 810    0.84375  0.97402855762788332    0
 811    0.86109266890352221  0.93558418425318446    0
 812    0.82258415417105613  0.87875327566773298    0
 813    0.90382448675442872  0.89365123330285856    0
 814    0.95863670545153556  0.70836035813136    0
 815    0.94557665832720228  0.73551809329068296    0
 816    0.99188209163304242  0.65625    0
 817    0.92786265219874553  0.6513953179629941    0
 818    0.94947125292528634  0.68056702830812132    0
 819    0.98981821560327221  0.71875    0
1587
   0     352   157   353
   1      27    11    10
   2      51    50    31
   3      21    29    33
   4      62   376    58
   5     462   458   456
   6     273   270    14
   7      68   274    60
   8      16     7    14
   9     290     9   306
  10     125    22    26
  11      13   303   354
  12     303    15   299
  13     127   122   124
  14      28     7    40
  15      20    11    27
  16     366   369   402
  17     574   544   532
  18      11    22    10
  19     339   291   319
  20      19   297    18
  21     117   389   144
  22      22    23    68
  23     369   421   402
  24     444   476    12
  25     274   302   109
  26     305    41    63
  27      83    36     8
  28       7    16    19
  29     179   175   180
  30      70    71    46
  31      16    14   270
  32      18    74    19
  33     284   338   322
  34      65   286   291
  35      29    21    20
  36      21    56    20
  37      21    33    35
  38      26    22    11
  39      26    11    20
  40      90   127   129
  41      28    27    10
  42      99    77    95
  43      31    45    35
  44      74   116    37
  45      21    35    56
  46      20    27    29
  47      28    10    14
  48      29    27    25
  49       7    28    14
  50      25    27    28
  51      49    53    32
  52      20    56   135
  53      42    44    50
  54      95   808   113
  55      50    49    42
  56     116    75   163
  57      29    34    33
  58      30    47    51
  59      34    29    25
  60      35    33    30
  61      39    40    36
  62      34    70    46
  63      25    39    34
  64      42     5    44
  65      54    19    37
  66     107    88   105
  67     178    73   121
  68      44    45    31
  69      76    54    37
  70      48    53    49
  71      40    39    25
  72      83    39    36
  73      28    40    25
  74      40     7    54
  75     289   285    65
  76      41   292   297
  77      33    34    46
  78      43    31    35
  79      51    31    43
  80     131   132     5
  81      79    70    83
  82      46    30    33
  83      51    52    53
  84      35    45    56
  85      35    30    43
  86      32    42    49
  87      34    39    83
  88      83    70    34
  89      43    30    51
  90      31    50    44
  91      49    50    48
  92      52    51    47
  93      51    48    50
  94      91    47    92
  95     106    52   107
  96      51    53    48
  97      86    53    52
  98      40    54    36
  99      19    54     7
 100     734   744   769
 101     106    72    86
 102     133   130   134
 103      13    15   303
 104     382   275    63
 105     125   124    23
 106     400   394   137
 107     363   321   333
 108     136   445    66
 109     138   122    90
 110     122   138    59
 111     297    16    41
 112     291   286   293
 113     301   294    23
 114     322   378   325
 115     397   387   396
 116     140   356   123
 117     299   287     9
 118     333   385   357
 119     372   329   330
 120     379    58   380
 121     334   323    64
 122     365   363   381
 123     371   377   295
 124     361   397   396
 125     305   299   296
 126      60   274   109
 127     152   162    97
 128      91    52    47
 129      79    85    70
 130      30    71    47
 131      46    71    30
 132      92    71    70
 133      38    32    72
 134      53    86    32
 135      79     8    87
 136     163    87    76
 137      19    74    37
 138     298   434    18
 139     102   113   104
 140      80   147    99
 141      92    85    73
 142     247   200   227
 143     140   123   138
 144     171   184   190
 145       5    45    44
 146     174   173   179
 147      89   182   203
 148      79    94    69
 149      76     8    36
 150     152   161   162
 151       8    79    83
 152     100    55    81
 153      84   112   155
 154      87     8    76
 155     165    88    82
 156     112    84    98
 157      95    77    81
 158     100    77    75
 159      94    80    69
 160      91   107    52
 161      72    32    86
 162     110   143    55
 163     116    74   434
 164     239   181   213
 165     108   144   271
 166      77   100    81
 167     161   143   110
 168      10   273    14
 169      90   141   138
 170      47    71    92
 171      91    82    88
 172      82    92    73
 173     202    84   220
 174      79    87    94
 175     147    94    87
 176     294   274    68
 177      55   434   110
 178     160   105    88
 179     111    95    81
 180     114   112   145
 181     184    88   190
 182     113   174    99
 183     164    97   156
 184     165    82    73
 185     147    77    99
 186      75    77   147
 187      98   145   112
 188     149   101   115
 189     157   196   170
 190      87   163   147
 191     354   290    12
 192     808   149   104
 193     101    81   143
 194     434    74    18
 195     471   510   487
 196     114   145   118
 197     207   243   253
 198      85   121    73
 199     159   106   105
 200      52   106    86
 201     159   105   158
 202     121    79    69
 203     105   106   107
 204     143   152   101
 205     115   118   149
 206      81    55   143
 207     204   173   176
 208     146   118   115
 209     146   154   114
 210     145   149   118
 211     116   100    75
 212     152    97   115
 213     111   149   808
 214     104    98   202
 215      55   100   116
 216     299   305   287
 217     215   192   219
 218     154   167   114
 219     275   305    63
 220     117   161   110
 221     476   599   601
 222     161   117   144
 223     161   152   143
 224      99    95   113
 225     101   111    81
 226     435   482   447
 227      89   166   151
 228     710   632   553
 229     678   789   349
 230      94   147    80
 231     121    85    79
 232      10    22    68
 233     318   387   377
 234     383   124   122
 235     270    41    16
 236      23    22   125
 237     127    90   122
 238     135   128    26
 239     124   125   127
 240     134   126   135
 241      56    45   132
 242     125   128   127
 243     127   128   129
 244      26   128   125
 245     128   126   129
 246     126   130   129
 247     129   130   142
 248     134   135   132
 249     142    78   139
 250       5    78   131
 251      78   130   133
 252       5   132    45
 253     134   132   131
 254     134   130   126
 255     131    78   133
 256     133   134   131
 257     128   135   126
 258      20   135    26
 259     132   135    56
 260     389    17   296
 261     310   286   258
 262     123   359    59
 263     292   296   298
 264     141    90   142
 265     356   340   322
 266      78    24   139
 267     123   356   325
 268     141   140   138
 269     139    24   140
 270     142    90   129
 271     140   141   139
 272      78   142   130
 273     141   142   139
 274     102   187   176
 275     165   171   190
 276     112   114   155
 277     166    89   155
 278     145   104   149
 279      17   117   110
 280     154   146   164
 281     105   160   158
 282     187   102   202
 283     158   160   227
 284      97   164   146
 285     333   321   391
 286     473   108     4
 287      70    85    92
 288     546   320   483
 289     481   439   511
 290     168   343   342
 291     146   114   118
 292     101   152   115
 293      76    37   163
 294     194   165   178
 295     215   246   184
 296     116   163    37
 297     343   154   119
 298     108   161   144
 299     104   145    98
 300     168   166   167
 301     156    97   162
 302     450   344   464
 303     273    60   270
 304     159   158    38
 305      88   107    91
 306      38    72   159
 307     106   159    72
 308     149   111   101
 309     194   171   165
 310     161   108   162
 311     157   170   260
 312     147   163    75
 313     623   162   473
 314     115    97   146
 315     276   259   260
 316     543   500   103
 317     164   119   154
 318      82    91    92
 319      54    76    36
 320     197    96   175
 321     114   167   155
 322     511   478   437
 323     155    89    84
 324     168   276   166
 325     155   167   166
 326     182    89   151
 327     311   733   729
 328     188   186   194
 329     269   209   236
 330     203   225   206
 331     179    99   174
 332     347   771   748
 333      69   177   121
 334     102   174   113
 335     197   179   173
 336     205   211   212
 337     177   178   121
 338     173   174   176
 339     102   176   174
 340     180    69    80
 341     178   177   175
 342     199   201   181
 343     178   165    73
 344     180   175   177
 345      99   179    80
 346      69   180   177
 347      80   179   180
 348     195   191   196
 349     215   184   192
 350     196   223   214
 351     182   151   170
 352      88   184   160
 353     183   193   244
 354     187   205   176
 355     181   169   199
 356     198   243   207
 357      96   188   194
 358     169   186   199
 359     204   201   173
 360     208   269   211
 361     220   203   206
 362     219   189   217
 363     165   190    88
 364     213   181   221
 365     203    84    89
 366     264   234   265
 367     276   260   151
 368     266   267   262
 369     230   316   280
 370     197   188    96
 371     171   192   184
 372     172   753   313
 373     178    96   194
 374      96   178   175
 375     169   192   171
 376     169   171   186
 377     192   169   189
 378     196   157   195
 379     186   171   194
 380     200    38   227
 381     173   201   188
 382     350   633   353
 383     201   199   188
 384     186   188   199
 385     173   188   197
 386     104   202   102
 387     179   197   175
 388     208   225   245
 389     201   185   221
 390      84   202    98
 391     245   225   214
 392     205   185   204
 393     205   204   176
 394     201   204   185
 395     206   187   220
 396     205   187   206
 397     170   214   182
 398     206   211   205
 399     224   183   231
 400     238   265   239
 401     225   182   214
 402     213   221   212
 403     235   250   241
 404     233   237   282
 405     222   240   193
 406     242   222   193
 407     208   211   206
 408     212   211   210
 409     212   210   213
 410     205   212   185
 411     216   213   210
 412     232   315   268
 413     196   214   170
 414     191   198   223
 415     219   217   218
 416     246   215   247
 417     227    38   158
 418     217   226   234
 419     226   181   234
 420     228   215   219
 421     153   248   249
 422     239   265   234
 423     219   192   189
 424     219   218   228
 425     202   220   187
 426      84   203   220
 427     201   221   181
 428     212   221   185
 429     269   236   210
 430     222   242   238
 431     191   223   196
 432     236   240   222
 433     254   251   224
 434     208   206   225
 435     182   225   203
 436     223   229   245
 437     181   226   169
 438     216   222   238
 439     200   247   248
 440     233   228   218
 441     240   209   251
 442     282   230   233
 443     231   183   244
 444     226   189   169
 445     237   218   217
 446     231   244   240
 447     240   236   209
 448     210   236   216
 449     240   251   254
 450     249   233   241
 451     217   189   226
 452     208   229   255
 453     216   238   239
 454     316   279   280
 455     160   246   227
 456     235   241   279
 457     198   207   229
 458     233   218   237
 459     223   198   229
 460     252   243   191
 461     265   242   266
 462     181   239   234
 463     216   239   213
 464     240   244   193
 465     243   198   191
 466     261   262   267
 467     243    93   253
 468     222   216   236
 469     280   233   230
 470     256   224   251
 471     223   245   214
 472     208   245   229
 473     184   246   160
 474     247   215   228
 475     247   228   248
 476     227   246   247
 477     249   248   228
 478     200   248   153
 479     233   249   228
 480     249   241   250
 481     235   153   250
 482     249   250   153
 483     209   255   251
 484     251   255   256
 485     195   252   191
 486     727   571   702
 487      93   224   253
 488     256   257   224
 489     224   231   254
 490     240   254   231
 491     255   209   269
 492     256   255   229
 493     229   207   256
 494     256   207   257
 495     207   253   257
 496     253   224   257
 497      15   271   144
 498     293   306   319
 499     346   621   572
 500     259   276   341
 501     151   260   170
 502     353   260   259
 503     237   217   264
 504     440   263   267
 505     440   193   183
 506     264   261   282
 507     268   261   267
 508     267   266   440
 509     234   264   217
 510     261   264   262
 511     242   265   238
 512     264   265   262
 513     265   266   262
 514     193   266   242
 515     268   267   263
 516     263   232   268
 517     280   279   241
 518     211   269   210
 519     255   269   208
 520     287   275     9
 521      24   356   140
 522     108   271     4
 523      17   298   296
 524     301    62   294
 525     290   354   303
 526     389   299    15
 527      59   337   122
 528      67   339   304
 529      62   302   274
 530     299   389   296
 531     296   292   305
 532     166   276   151
 533     341   276   168
 534     494   503   576
 535     741   351   571
 536     281   235   279
 537     268   315   261
 538     281   279   278
 539     233   280   241
 540     230   315   316
 541     278     3   281
 542     235   281     3
 543     264   282   237
 544     315   282   261
 545     335   359   336
 546      23   294    68
 547     120   531   684
 548     275   287   305
 549      66   326   136
 550     301    23   124
 551     123    59   138
 552     271    61     4
 553      59   359   283
 554     286    65    66
 555     358   373   338
 556     365   370   335
 557     330   329   295
 558     339   319   304
 559     290   306   293
 560     304    63   272
 561     339   289   291
 562      24   308   340
 563      66   445   258
 564     270    60   272
 565     123   325   359
 566     305   292    41
 567      67   302   307
 568     271    15    61
 569      12   290   310
 570      41   272    63
 571     298    18   297
 572      66    65   285
 573      16   297    19
 574     292   298   297
 575     307    62    58
 576     298    17   434
 577     270   272    41
 578      13    61    15
 579     299     9   303
 580     310   290   293
 581      62   301   376
 582     380    58   331
 583      60   273    68
 584     306   275   319
 585     466   464   485
 586       9   275   306
 587     304   109    67
 588     109   272    60
 589     273    10    68
 590     344   477   464
 591     330   360   386
 592     388     6    64
 593      63   304   382
 594     395   364   369
 595     274   294    62
 596     381   363   318
 597     404   323   334
 598     388   136   326
 599     303     9   290
 600      58   379   307
 601     691   818   814
 602     491   771   350
 603     353   633   352
 604     311   732   739
 605     157   260   353
 606     172   769   732
 607     314   341   342
 608     491   350   314
 609     316   315   232
 610     282   315   230
 611     232   278   316
 612     316   278   279
 613     326   285     6
 614     327   137     6
 615     319   382   304
 616     461   323   462
 617      66   258   286
 618     109   302    67
 619     590   505   506
 620     582   482   435
 621     334   137   332
 622     373   378   338
 623     307   302    62
 624       6   285   309
 625     372    67   307
 626     336   288   335
 627     327     6   309
 628      17   389   117
 629     327   328   137
 630     419   427   418
 631     319   275   382
 632     388    64   323
 633     137   334    64
 634      24   340   356
 635     359   335   283
 636     288   366   321
 637       6   388   326
 638     376   331    58
 639     109   304   272
 640     398   420   416
 641     284   322   308
 642     124   383   301
 643     365   381   380
 644     144   389    15
 645     405   409   804
 646     375   398   401
 647       6   137    64
 648     360   327   309
 649     337   376   383
 650     339   372   330
 651     359   325   336
 652     381   318   371
 653     368   357   367
 654     330   386   339
 655     432   423   425
 656     284   300   358
 657     285   289   309
 658     329   307   379
 659     322   325   356
 660     378   322   338
 661     342   341   168
 662     350   341   314
 663     343   168   167
 664     549   529   523
 665     154   343   167
 666     119   342   343
 667     504   549   561
 668     505   502   506
 669     313   769   172
 670     345   437   436
 671     619   479   156
 672     488   538   590
 673     541   722   554
 674     436   731   748
 675     346   614   468
 676     772   774   472
 677     746   737   571
 678     491   345   748
 679     341   350   259
 680     468   314   342
 681     702   351   559
 682     727   702   701
 683     474   551   672
 684     567   776   770
 685     350   353   259
 686     243   780    93
 687     295   377   317
 688     479   619   470
 689     366   395   369
 690     393   416   403
 691     365   380   370
 692     286   310   293
 693     385   333   391
 694     322   340   308
 695     484   580   446
 696     397   361   400
 697     328   400   137
 698     337    59   283
 699     379   380   381
 700     372   339    67
 701     300   407   410
 702     416   417   398
 703     355   361   396
 704     317   328   360
 705     387   318   368
 706     402   431   391
 707     333   368   318
 708     364   395   336
 709     363   365   321
 710     387   397   317
 711     387   368   367
 712     373   369   364
 713     357   368   333
 714     321   366   391
 715     370   283   335
 716     387   317   377
 717     328   317   397
 718     423   804   409
 719     331   370   380
 720     378   373   364
 721     308   300   284
 722     405   410   407
 723     358   406   373
 724     419   390   404
 725     328   397   400
 726     412   401   417
 727     413   414   412
 728     471   465   660
 729     360   295   317
 730     334   332   404
 731     331   376   337
 732     371   295   329
 733     329   372   307
 734     122   337   383
 735     364   336   378
 736     325   378   336
 737     328   327   360
 738     362   324   367
 739     383   376   301
 740     318   363   333
 741     360   330   295
 742     381   329   379
 743     291   293   319
 744     285   326    66
 745     335   288   365
 746     332   394   426
 747     391   366   402
 748     318   377   371
 749     386   309   289
 750     381   371   329
 751     339   386   289
 752     336   395   288
 753     288   321   365
 754     395   366   288
 755     337   370   331
 756      65   291   289
 757     445   444   258
 758     337   283   370
 759     413   392   399
 760     431   392   362
 761     355   393   403
 762     357   362   367
 763     300   410   358
 764     503   494   509
 765     433   431   432
 766     399   392   433
 767     394   400   361
 768     401   414   375
 769     137   394   332
 770     309   386   360
 771     394   403   426
 772     404   390   462
 773     358   338   284
 774     431   362   385
 775     402   374   431
 776     385   362   357
 777     514   806   667
 778     405   411   409
 779     355   803   393
 780     396   387   415
 781     804   421   369
 782     498   806   656
 783     355   396   415
 784     403   394   361
 785     411   405   422
 786     362   392   413
 787     415   387   367
 788     355   403   361
 789     384   423   409
 790     422   407     0
 791     421   804   423
 792     407   422   405
 793     410   406   358
 794     406   369   373
 795     410   405   406
 796     411   422     0
 797     803   412   393
 798     413   412   324
 799     413   324   362
 800     414   413   399
 801     375   414   399
 802     401   412   414
 803     367   324   415
 804     415   324   803
 805     417   416   393
 806     532   573   522
 807     412   417   393
 808     398   417   401
 809     418   428   419
 810     420   427   416
 811     426   404   332
 812     418   429   428
 813     398   418   420
 814     419   426   427
 815     402   421   374
 816     804   369   406
 817     654   667   805
 818     384   409   411
 819     423   384   425
 820     421   423   374
 821     384   375   424
 822     375   399   433
 823     384   424   425
 824     433   432   424
 825     427   426   403
 826     404   426   419
 827     416   427   403
 828     418   427   420
 829     428   429    57
 830     390   419   430
 831     418   398   429
 832     398    57   429
 833     419   428   430
 834     510   471   457
 835     431   385   391
 836     431   374   432
 837     423   432   374
 838     424   432   425
 839     433   424   375
 840     392   431   433
 841     110   434    17
 842     116   434    55
 843     435   344   580
 844     442   577   653
 845     437   345   614
 846     577   677   653
 847     481   511   614
 848     439   481   475
 849     503   509   671
 850     569   561   549
 851     623   156   162
 852     474   772   551
 853     193   440   266
 854     183   263   440
 855     490   508   563
 856     719   620   449
 857     444    12   310
 858     704   693   725
 859     462   456   461
 860     521   557   746
 861     258   444   310
 862     728   436   739
 863     661   459   643
 864     505   599   502
 865     520   624   611
 866     588   587   439
 867     705   531   562
 868     446   520   484
 869     390   627   458
 870     450   461   454
 871     500   148   103
 872     446   644   520
 873     442   661   577
 874     388   452   136
 875     451   452   323
 876     461   464   451
 877     323   452   388
 878     452   451   466
 879     621   468   342
 880     455   662   540
 881     674   471   660
 882     492   617   584
 883     156   479   164
 884     548   455   586
 885     454   460   450
 886     454   461   456
 887     645   649   650
 888     435   580   489
 889     627   390   430
 890     589   560   530
 891     659   457   674
 892     456   626   454
 893     713   673   585
 894     626   456   458
 895     464   461   450
 896     323   461   451
 897     404   462   323
 898     458   462   390
 899     445   136   486
 900     136   452   466
 901     648   649   645
 902     485   464   477
 903     348   558   500
 904     450   460   344
 905     463   486   466
 906     451   464   466
 907     460   644   446
 908      57   634   428
 909     468   614   345
 910     685   548   606
 911     511   439   587
 912     532   522   563
 913     478   436   437
 914     728   732   744
 915     490   563   522
 916     485   477   488
 917     348   453   522
 918      12   476   666
 919     460   446   580
 920     510   643   487
 921     773   672   551
 922     346   481   614
 923     346   572   495
 924     470   612   616
 925     103   148   513
 926     731   747   347
 927     558   575   524
 928      61    13   603
 929     572   621   119
 930     780   252   770
 931     547   503   671
 932     513   591   103
 933     560   720   449
 934     532   563   574
 935     547   671   566
 936     468   491   314
 937     460   580   344
 938     439   494   528
 939     666   601   555
 940     617   536   489
 941     735   349   747
 942     671   616   612
 943     435   477   344
 944     488   506   485
 945     466   486   136
 946     502   486   463
 947     626   518   649
 948     572   164   479
 949     730   727   693
 950     529   504   588
 951     623   473   483
 952     538   488   447
 953     502   463   506
 954     636   710   684
 955     459   661   499
 956     551   779   773
 957     533   617   484
 958     594   531   120
 959     628   618   148
 960     438   480   608
 961     488   590   506
 962     582   536   513
 963     479   470   572
 964     668   501   550
 965     442   533   499
 966     533   584   617
 967     656   408   589
 968     455   540   545
 969     653   584   442
 970     592   620   630
 971     513   536   492
 972     501   573   532
 973     442   584   533
 974     494   439   475
 975     348   500   453
 976     489   582   435
 977     652   657   574
 978     661   442   499
 979     617   492   536
 980     480   441   543
 981     460   454   644
 982     498   657   652
 983     506   463   485
 984     480   543   103
 985     482   683   538
 986     534   655   552
 987     466   485   463
 988     445   502   444
 989     559   312   569
 990     477   447   488
 991     486   502   445
 992     626   458   627
 993     465   471   487
 994     702   697   701
 995     673   652   615
 996     544   589   530
 997     514   469   560
 998     680   725   701
 999     677   608   605
1000     534   556   537
1001     658   719   595
1002     480   615   441
1003     469   720   560
1004     606   586   516
1005     710   683   120
1006     641   643   640
1007     459   581   640
1008     467   581   611
1009     719   630   620
1010     644   626   624
1011     648   611   624
1012     611   519   520
1013     639   677   637
1014     557   740   752
1015     615   480   438
1016     489   580   484
1017     571   351   702
1018     512   570   573
1019     449   720   719
1020     607   516   554
1021     724   578   496
1022     556   534   670
1023     498   656   657
1024     687   493   696
1025     537   541   655
1026     586   525   552
1027     507   709   539
1028     587   588   504
1029     528   529   588
1030     541   537   593
1031     490   453   543
1032     743   150   734
1033     615   508   441
1034     566   675   547
1035     805   579   768
1036     576   540   494
1037     630   527   593
1038     694   723   595
1039     714   715   802
1040     780   243   252
1041     537   592   593
1042     590   538   553
1043     490   441   508
1044     480   103   535
1045     575   522   570
1046     598   711   684
1047     311   739   733
1048     529   549   504
1049     707   598   706
1050     568   741   753
1051     628   524   683
1052     662   548   676
1053     719   658   630
1054     537   556   512
1055     550   544   530
1056     494   540   528
1057     607   631   515
1058     778   779   551
1059     677   625   637
1060     721   719   497
1061     683   618   628
1062     540   662   528
1063     557   521   787
1064     663   679   711
1065     575   558   348
1066     675   665   663
1067     566   320   665
1068     541   554   516
1069     662   529   528
1070     552   655   586
1071     683   524   120
1072     703   523   698
1073     312   351   542
1074     525   708   552
1075     600   555   651
1076     812   313   753
1077     596   556   670
1078     664   546   473
1079     668   512   573
1080     523   529   676
1081     516   607   606
1082     597   555   600
1083     590   681   505
1084     657   589   574
1085     548   662   455
1086     705   596   670
1087     705   706   598
1088     681   590   553
1089     797   782   795
1090     665   565   679
1091     507   539   545
1092     511   587   478
1093     148   618   582
1094     593   527   541
1095     550   530   449
1096     767   718   717
1097     573   570   522
1098     574   563   508
1099     585   673   615
1100     546   565   665
1101     651   555   601
1102     707   675   663
1103     679   663   665
1104     558   524   628
1105     603   666   555
1106     676   548   685
1107     438   638   585
1108     468   621   346
1109     770   195   352
1110     753   741   737
1111     681   553   632
1112     513   492   591
1113     495   572   470
1114     755   759   754
1115     346   495   475
1116     605   591   653
1117     572   119   164
1118     495   616   509
1119     789   347   747
1120     542   732   311
1121     536   582   489
1122     499   533   519
1123     560   449   530
1124     585   615   438
1125     619   612   470
1126     498   583   579
1127     628   148   500
1128     668   573   501
1129     550   620   592
1130     582   513   148
1131     508   615   652
1132     652   673   498
1133     477   435   447
1134     561   587   504
1135     544   574   589
1136     502   599   444
1137     579   805   498
1138     591   584   653
1139     556   596   512
1140     475   509   494
1141     575   570   562
1142     583   498   673
1143     478   587   561
1144     352   195   157
1145     549   523   569
1146     532   544   501
1147     691   680   690
1148     585   638   713
1149     668   537   512
1150     522   575   348
1151     772   472   700
1152     679   564   682
1153     685   606   607
1154     722   541   527
1155     625   577   661
1156     537   668   592
1157     788   277   786
1158     534   552   708
1159     455   539   586
1160     564   565   597
1161     524   594   120
1162     684   531   598
1163     550   501   544
1164     521   730   693
1165     683   482   618
1166     666    13   354
1167     565   546   664
1168     597   600   564
1169     706   705   670
1170     684   682   636
1171     666   354    12
1172     599   681   651
1173     473   546   483
1174     711   679   682
1175     677   605   653
1176     320   546   665
1177     444   599   476
1178     483   320   612
1179     600   682   564
1180     311   312   542
1181     675   507   547
1182     613   631   496
1183     676   685   493
1184     651   601   599
1185     759   637   659
1186     597   603   555
1187     586   606   548
1188     610   677   639
1189     457   637   625
1190     608   677   610
1191     535   605   608
1192     554   631   607
1193     676   529   662
1194     805   768   654
1195     511   437   614
1196     643   510   661
1197     819   814   689
1198     640   642   517
1199     519   581   499
1200     611   581   519
1201     696   515   690
1202     484   617   489
1203     547   576   503
1204     814   818   689
1205     671   509   616
1206     581   459   499
1207     509   475   495
1208     623   619   156
1209     482   582   618
1210     467   642   640
1211     545   547   507
1212     574   508   652
1213     658   595   723
1214     625   510   457
1215     483   619   623
1216     535   608   480
1217     537   655   534
1218     490   543   441
1219     621   342   119
1220     593   592   630
1221     473   162   108
1222     455   545   539
1223     470   616   495
1224     428   627   430
1225     650   634   635
1226     642   646   448
1227     467   640   581
1228     439   528   588
1229     626   627   518
1230     634   627   428
1231     592   668   550
1232     604   818   817
1233     687   696   690
1234     320   566   671
1235     686   692   604
1236     625   677   577
1237     562   531   594
1238     635   634    57
1239     627   634   518
1240      57   629   635
1241     629   645   650
1242     538   683   553
1243     565   564   679
1244     608   610   438
1245     535   591   605
1246     685   607   696
1247     638   438   610
1248     600   651   632
1249     713   583   673
1250     641   465   487
1251     640   517   641
1252     517   465   641
1253     467   648   646
1254     517   642   448
1255     640   643   459
1256     487   643   641
1257     626   644   454
1258     520   644   624
1259     645   647   646
1260     645   646   648
1261     467   646   642
1262     647   645   629
1263     629   448   647
1264     448   646   647
1265     611   648   467
1266     648   624   649
1267     626   649   624
1268     650   649   518
1269     634   650   518
1270     629   650   635
1271     449   620   550
1272     496   578   613
1273     510   625   661
1274     457   471   674
1275     457   659   637
1276     520   519   484
1277     584   591   492
1278     533   484   519
1279     589   408   560
1280     603     4    61
1281     408   806   514
1282     576   545   540
1283     739   732   728
1284     453   490   522
1285     320   671   612
1286     589   657   656
1287     543   453   500
1288     468   345   491
1289     669   754   674
1290     542   351   568
1291     591   535   103
1292     594   524   575
1293     667   469   514
1294     512   596   570
1295     659   674   754
1296     760   800   762
1297     496   722   723
1298     586   539   525
1299     347   748   731
1300     600   636   682
1301     602   597   664
1302     566   665   675
1303       4   602   473
1304     498   805   806
1305     655   541   516
1306     516   586   655
1307     660   465   669
1308     800   760   758
1309     547   545   576
1310     482   538   447
1311     757   610   639
1312     481   346   475
1313     312   729   569
1314     443   692   688
1315     527   630   658
1316     483   612   619
1317     660   669   674
1318     562   594   575
1319     676   493   698
1320     636   632   710
1321     686   688   692
1322     515   695   690
1323     651   681   632
1324     597   565   664
1325     473   602   664
1326     505   681   599
1327     694   726   688
1328     476   601   666
1329     755   756   757
1330     697   687   680
1331     632   636   600
1332     596   705   562
1333     603    13   666
1334     602   603   597
1335     570   596   562
1336     500   558   628
1337       4   603   602
1338     697   559   703
1339     696   607   515
1340     676   698   523
1341     688   726   443
1342     724   496   694
1343     816   604   692
1344     693   701   725
1345     725   680   691
1346     814   725   691
1347     688   686   724
1348     515   631   613
1349     817   578   604
1350     568   172   542
1351     787   786   740
1352     695   613   578
1353     578   724   686
1354     688   724   694
1355     496   723   694
1356     685   696   493
1357     515   613   695
1358     697   680   701
1359     523   703   569
1360     493   687   698
1361     703   687   697
1362     781   779   785
1363     351   312   559
1364     783   790   749
1365     729   312   311
1366     680   687   690
1367     521   693   704
1368     561   729   733
1369     559   697   702
1370     569   703   559
1371     687   703   698
1372     815   704   725
1373     793   769   313
1374     706   670   708
1375     531   705   598
1376     709   706   708
1377     507   675   707
1378     707   663   711
1379     707   706   709
1380     534   708   670
1381     709   708   525
1382     539   709   525
1383     707   709   507
1384     683   710   553
1385     710   120   684
1386     684   711   682
1387     707   711   598
1388       1   801   766
1389     758   714   756
1390     638   716   713
1391     718   579   583
1392     716   756   714
1393     609   760   762
1394     761   715   714
1395     754   765   712
1396     638   757   756
1397     609   715   761
1398     717   802   715
1399     713   718   583
1400     716   802   713
1401     802   717   718
1402     720   469   497
1403     721   595   719
1404     719   720   497
1405     497   443   721
1406     631   722   496
1407     554   722   631
1408     723   527   658
1409     578   686   604
1410     723   722   527
1411     815   622   704
1412     721   726   595
1413     726   721   443
1414     726   694   595
1415     817   690   695
1416     622   736   704
1417     569   729   561
1418     349   785   678
1419     150   745   744
1420     732   769   744
1421     568   753   172
1422     749   799   783
1423     742   746   557
1424     786   277   740
1425     737   741   571
1426     745   747   731
1427     733   739   478
1428     350   771   633
1429     571   727   730
1430     735   781   349
1431     352   678   770
1432     745   150   735
1433     775   795   782
1434     730   746   571
1435     700   778   772
1436     775   782   474
1437     742   784   737
1438     678   785   567
1439     542   172   732
1440     734   769   793
1441     345   436   748
1442     347   633   771
1443     738   795   793
1444     746   730   521
1445     734   150   744
1446     737   746   742
1447     436   478   739
1448     775   474   672
1449     750   810   699
1450     789   678   633
1451     436   728   731
1452     491   748   771
1453     745   731   728
1454     561   733   478
1455     751   797   738
1456     728   744   745
1457     474   782   750
1458     773   775   672
1459     783   794   790
1460     740   794   752
1461     351   741   568
1462     807   736   622
1463     807   622   526
1464     349   789   747
1465     277   794   740
1466     794   783   752
1467     794   277   790
1468     799   749     2
1469     813   557   752
1470     669   763   765
1471     755   754   712
1472     758   756   712
1473     639   637   759
1474     638   756   716
1475     712   756   755
1476     610   757   638
1477     755   757   639
1478     712   764   800
1479     761   758   760
1480     754   759   659
1481     639   759   755
1482     765   764   712
1483     760   609   761
1484     669   465   763
1485     714   758   761
1486     718   767   768
1487     715   609   717
1488     465     1   763
1489     800   764   801
1490     766   764   763
1491     669   765   754
1492     763   764   765
1493     763     1   766
1494     712   800   758
1495     717   654   767
1496     768   767   654
1497     408   514   560
1498     579   718   768
1499     779   778   700
1500     693   727   701
1501     776   567   472
1502     773   779   781
1503     472   567   700
1504     787   788   786
1505     773   743   775
1506     349   781   785
1507     745   735   747
1508     700   567   785
1509     782   797   750
1510     774   780   776
1511     567   770   678
1512     770   252   195
1513     699   798   796
1514     796   809   799
1515     774   776   472
1516     700   785   779
1517     776   780   770
1518     150   781   735
1519     551   772   778
1520      93   780   774
1521     738   793   313
1522     798   699   777
1523     793   743   734
1524     811   751   792
1525     795   743   793
1526     742   813   792
1527     352   633   678
1528     773   150   743
1529     557   787   740
1530     521   704   736
1531     622   815   819
1532     526   788   807
1533     736   787   521
1534     788   787   736
1535     347   789   633
1536     781   150   773
1537     277   749   790
1538     784   742   792
1539     797   811   810
1540     752   783   791
1541     751   784   792
1542     798   777   791
1543     812   784   751
1544     699   810   777
1545       2   796   799
1546     809   783   799
1547     792   813   791
1548     738   797   795
1549     751   738   812
1550     737   784   753
1551     796   798   809
1552     750   797   810
1553     775   743   795
1554     783   809   791
1555     809   798   791
1556     792   791   777
1557     764   766   801
1558       1   762   801
1559     800   801   762
1560     713   802   718
1561     714   802   716
1562     415   803   355
1563     412   803   324
1564     804   406   405
1565     656   806   408
1566     667   806   805
1567     788   736   807
1568     113   808   104
1569      95   111   808
1570     811   797   751
1571     792   777   811
1572     810   811   777
1573     313   812   738
1574     753   784   812
1575     557   813   742
1576     791   813   752
1577     725   814   815
1578     815   814   819
1579     692   689   816
1580     818   816   689
1581     690   817   691
1582     578   817   695
1583     817   818   691
1584     818   604   816
1585     689   526   819
1586     622   819   526
